9 1
6 -6 21 21 21 21 21 21 21


42

1   1   1   1 2 4 3 5 6 7 8 9
1   1   21 21 6 -6 21 21 21 21 21   3 5 6 7 8 9 1 2 4   120.0



2   1   1   1 2 5 4 3 6 7 8 9
1   2   21 21 6 -6 21 21 21 21 21   3 6 7 8 9 1 2 5 4   120.0



3   1   1   1 2 5 6 4 3 7 8 9
1   3   21 21 6 -6 21 21 21 21 21   3 7 8 9 1 2 5 6 4   120.0



4   1   1   1 2 5 6 7 4 3 8 9
1   4   21 21 6 -6 21 21 21 21 21   3 8 9 1 2 5 6 7 4   120.0



5   1   1   1 2 5 6 7 8 4 3 9
1   5   21 21 6 -6 21 21 21 21 21   3 9 1 2 5 6 7 8 4   120.0



6   1   1   1 2 5 6 7 8 9 4 3
1   6   21 21 6 -6 21 21 21 21 21   3 1 2 5 6 7 8 9 4   120.0



7   1   1   1 4 3 2 5 6 7 8 9
1   7   21 21 6 -6 21 21 21 21 21   3 2 5 6 7 8 9 1 4   120.0



8   1   1   1 4 3 5 2 6 7 8 9
1   8   21 21 6 -6 21 21 21 21 21   3 5 2 6 7 8 9 1 4   120.0



9   1   1   1 4 3 5 6 2 7 8 9
1   9   21 21 6 -6 21 21 21 21 21   3 5 6 2 7 8 9 1 4   120.0



10   1   1   1 4 3 5 6 7 2 8 9
1   10   21 21 6 -6 21 21 21 21 21   3 5 6 7 2 8 9 1 4   120.0



11   1   1   1 4 3 5 6 7 8 2 9
1   11   21 21 6 -6 21 21 21 21 21   3 5 6 7 8 2 9 1 4   120.0



12   1   1   1 4 3 5 6 7 8 9 2
1   12   21 21 6 -6 21 21 21 21 21   3 5 6 7 8 9 2 1 4   120.0



13   1   1   1 5 2 4 3 6 7 8 9
1   13   21 21 6 -6 21 21 21 21 21   3 6 7 8 9 1 5 2 4   120.0



14   1   1   1 5 2 6 4 3 7 8 9
1   14   21 21 6 -6 21 21 21 21 21   3 7 8 9 1 5 2 6 4   120.0



15   1   1   1 5 2 6 7 4 3 8 9
1   15   21 21 6 -6 21 21 21 21 21   3 8 9 1 5 2 6 7 4   120.0



16   1   1   1 5 2 6 7 8 4 3 9
1   16   21 21 6 -6 21 21 21 21 21   3 9 1 5 2 6 7 8 4   120.0



17   1   1   1 5 2 6 7 8 9 4 3
1   17   21 21 6 -6 21 21 21 21 21   3 1 5 2 6 7 8 9 4   120.0



18   1   1   1 5 4 3 2 6 7 8 9
1   18   21 21 6 -6 21 21 21 21 21   3 2 6 7 8 9 1 5 4   120.0



19   1   1   1 5 4 3 6 2 7 8 9
1   19   21 21 6 -6 21 21 21 21 21   3 6 2 7 8 9 1 5 4   120.0



20   1   1   1 5 4 3 6 7 2 8 9
1   20   21 21 6 -6 21 21 21 21 21   3 6 7 2 8 9 1 5 4   120.0



21   1   1   1 5 4 3 6 7 8 2 9
1   21   21 21 6 -6 21 21 21 21 21   3 6 7 8 2 9 1 5 4   120.0



22   1   1   1 5 4 3 6 7 8 9 2
1   22   21 21 6 -6 21 21 21 21 21   3 6 7 8 9 2 1 5 4   120.0



23   1   1   1 5 6 2 4 3 7 8 9
1   23   21 21 6 -6 21 21 21 21 21   3 7 8 9 1 5 6 2 4   120.0



24   1   1   1 5 6 2 7 4 3 8 9
1   24   21 21 6 -6 21 21 21 21 21   3 8 9 1 5 6 2 7 4   120.0



25   1   1   1 5 6 2 7 8 4 3 9
1   25   21 21 6 -6 21 21 21 21 21   3 9 1 5 6 2 7 8 4   120.0



26   1   1   1 5 6 2 7 8 9 4 3
1   26   21 21 6 -6 21 21 21 21 21   3 1 5 6 2 7 8 9 4   120.0



27   1   1   1 5 6 4 3 2 7 8 9
1   27   21 21 6 -6 21 21 21 21 21   3 2 7 8 9 1 5 6 4   120.0



28   1   1   1 5 6 4 3 7 2 8 9
1   28   21 21 6 -6 21 21 21 21 21   3 7 2 8 9 1 5 6 4   120.0



29   1   1   1 5 6 4 3 7 8 2 9
1   29   21 21 6 -6 21 21 21 21 21   3 7 8 2 9 1 5 6 4   120.0



30   1   1   1 5 6 4 3 7 8 9 2
1   30   21 21 6 -6 21 21 21 21 21   3 7 8 9 2 1 5 6 4   120.0



31   1   1   1 5 6 7 2 4 3 8 9
1   31   21 21 6 -6 21 21 21 21 21   3 8 9 1 5 6 7 2 4   120.0



32   1   1   1 5 6 7 2 8 4 3 9
1   32   21 21 6 -6 21 21 21 21 21   3 9 1 5 6 7 2 8 4   120.0



33   1   1   1 5 6 7 2 8 9 4 3
1   33   21 21 6 -6 21 21 21 21 21   3 1 5 6 7 2 8 9 4   120.0



34   1   1   1 5 6 7 4 3 2 8 9
1   34   21 21 6 -6 21 21 21 21 21   3 2 8 9 1 5 6 7 4   120.0



35   1   1   1 5 6 7 4 3 8 2 9
1   35   21 21 6 -6 21 21 21 21 21   3 8 2 9 1 5 6 7 4   120.0



36   1   1   1 5 6 7 4 3 8 9 2
1   36   21 21 6 -6 21 21 21 21 21   3 8 9 2 1 5 6 7 4   120.0



37   1   1   1 5 6 7 8 2 4 3 9
1   37   21 21 6 -6 21 21 21 21 21   3 9 1 5 6 7 8 2 4   120.0



38   1   1   1 5 6 7 8 2 9 4 3
1   38   21 21 6 -6 21 21 21 21 21   3 1 5 6 7 8 2 9 4   120.0



39   1   1   1 5 6 7 8 4 3 2 9
1   39   21 21 6 -6 21 21 21 21 21   3 2 9 1 5 6 7 8 4   120.0



40   1   1   1 5 6 7 8 4 3 9 2
1   40   21 21 6 -6 21 21 21 21 21   3 9 2 1 5 6 7 8 4   120.0



41   1   1   1 5 6 7 8 9 2 4 3
1   41   21 21 6 -6 21 21 21 21 21   3 1 5 6 7 8 9 2 4   120.0



42   1   1   1 5 6 7 8 9 4 3 2
1   42   21 21 6 -6 21 21 21 21 21   3 2 1 5 6 7 8 9 4   120.0
